max_depth: 1
learning_rate: 0.3014314271544017
n_estimators: 315
min_child_weight: 6
lambda: 8.985053850407747
alpha: 1.018081867672726
