max_depth: 5
learning_rate: 0.027061080712887094
n_estimators: 97
min_child_weight: 10
lambda: 2.9362654392307874
alpha: 0.00200327453742457
