max_depth: 11
learning_rate: 0.2723190322132218
n_estimators: 381
min_child_weight: 4
lambda: 2.73984788707036
alpha: 1.7042910199441947
