max_depth: 10
learning_rate: 0.668466876716632
n_estimators: 386
min_child_weight: 4
lambda: 2.963789222218283
alpha: 1.3959284921758333
