max_depth: 4
learning_rate: 0.0306661230998242
n_estimators: 142
min_child_weight: 1
lambda: 1.306652806308813
alpha: 0.0032171262883426087
