max_depth: 14
learning_rate: 0.02635114653605772
n_estimators: 122
min_child_weight: 2
lambda: 0.001767725854178515
alpha: 0.0012136651727170829
