max_depth: 1
learning_rate: 0.05391390107686825
n_estimators: 118
min_child_weight: 4
lambda: 0.9674124058442086
alpha: 1.7441574209848694
