max_depth: 5
learning_rate: 0.04811949936725845
n_estimators: 147
min_child_weight: 1
lambda: 3.124784410370133
alpha: 0.004792053536305271
