max_depth: 1
learning_rate: 0.17091773296807874
n_estimators: 399
min_child_weight: 1
lambda: 0.02815060228499083
alpha: 0.02842299284322066
