max_depth: 13
learning_rate: 0.4218244697909161
n_estimators: 167
min_child_weight: 1
lambda: 6.631984136773236
alpha: 5.870756875477388
