max_depth: 5
learning_rate: 0.05129332539063286
n_estimators: 151
min_child_weight: 1
lambda: 4.140285142342779
alpha: 0.005194255403703389
