max_depth: 7
learning_rate: 0.5441219499497381
n_estimators: 419
min_child_weight: 7
lambda: 4.451585300709326
alpha: 1.1796146115651656
