max_depth: 1
learning_rate: 0.8135973164289678
n_estimators: 279
min_child_weight: 3
lambda: 0.00899606224389654
alpha: 7.539477447639671
