max_depth: 2
learning_rate: 0.015475756393029534
n_estimators: 89
min_child_weight: 3
lambda: 1.1434470687841125
alpha: 0.0010315446874388586
