max_depth: 8
learning_rate: 0.2401971867513258
n_estimators: 346
min_child_weight: 6
lambda: 1.2681815196900557
alpha: 2.9166402780583693
